100
2 99
912 68
226 22
1000 96
808 71
758 85
2 4
875 93
779 34
1000 3
853 50
865 23
2 1
744 91
1000 97
728 33
950 95
428 98
2 95
758 96
744 3
24 85
642 34
582 60
551 71
1000 95
70 56
81 39
656 95
270 26
13 37
1000 98
277 79
755 11
494 92
793 69
30 46
950 71
565 89
930 46
355 11
921 39
991 9
451 5
871 75
373 46
1000 2
1000 99
440 28
908 56
915 30
387 98
616 91
453 71
970 99
1000 1
397 40
598 42
289 48
103 5
2 5
2 2
398 61
2 98
838 46
772 5
1000 4
592 91
958 86
2 50
2 3
712 1
2 96
125 51
924 39
285 29
289 65
906 56
824 54
115 64
93 3
892 10
555 27
61 39
3 10
635 54
965 51
537 11
245 99
171 6
317 36
918 38
424 35
1000 5
2 97
837 81
816 86
500 44
740 92
320 75